"","V1","V2","V3","V4","V5","V6","V7","V8","V9","V10"
"1",8.2961911136097e-05,-1.07515785225127e-05,-7.34769552589261e-07,-2.89716346825293e-06,6.80067702502434e-06,8.40738949284083e-06,-4.25842779944557e-06,3.990285511796e-06,3.08457713209561e-06,9.65745335110271e-06
"2",-1.07515785225127e-05,5.64672068785495e-05,2.90033765904888e-06,8.39764560404643e-06,8.95657589397205e-07,-1.79130067067271e-05,2.54127419537486e-06,-3.80180847457838e-06,-1.97853628974413e-06,-1.81738302014538e-06
"3",-7.34769552589261e-07,2.90033765904888e-06,0.000165443992175924,5.87975266079084e-06,-1.1560989351578e-05,3.71454884677927e-05,1.78284799795541e-05,1.59712282827289e-05,7.54322941347886e-06,-3.17198347169363e-06
"4",-2.89716346825293e-06,8.39764560404643e-06,5.87975266079084e-06,9.98823478563231e-05,-3.19715331327426e-06,-1.50100344423123e-05,2.07531193729463e-06,-1.26034543887919e-05,-2.73423672985677e-06,-4.85855168215204e-07
"5",6.80067702502434e-06,8.95657589397205e-07,-1.1560989351578e-05,-3.19715331327426e-06,0.000131012593595066,-1.6199013176343e-05,-4.1109651935634e-06,-1.56131604158176e-06,-2.58879665949979e-06,9.26591046982936e-06
"6",8.40738949284083e-06,-1.79130067067271e-05,3.71454884677927e-05,-1.50100344423123e-05,-1.6199013176343e-05,0.000987345631408946,6.68914264134214e-06,6.94883366158612e-05,-1.30909347150373e-05,6.70439020505345e-05
"7",-4.25842779944557e-06,2.54127419537486e-06,1.78284799795541e-05,2.07531193729463e-06,-4.1109651935634e-06,6.68914264134214e-06,6.67246979942003e-05,-1.90352532120286e-07,-3.00563362336546e-06,-1.30578091851702e-05
"8",3.990285511796e-06,-3.80180847457838e-06,1.59712282827289e-05,-1.26034543887919e-05,-1.56131604158176e-06,6.94883366158612e-05,-1.90352532120286e-07,0.000153992931649726,-2.57243634058214e-06,3.96459353077228e-06
"9",3.08457713209561e-06,-1.97853628974413e-06,7.54322941347886e-06,-2.73423672985677e-06,-2.58879665949979e-06,-1.30909347150373e-05,-3.00563362336546e-06,-2.57243634058214e-06,0.0001423753121339,-1.40095700539865e-06
"10",9.65745335110271e-06,-1.81738302014538e-06,-3.17198347169363e-06,-4.85855168215204e-07,9.26591046982936e-06,6.70439020505345e-05,-1.30578091851702e-05,3.96459353077228e-06,-1.40095700539865e-06,0.000261643470407108
