"","V1","V2","V3","V4","V5","V6","V7","V8","V9","V10","V11","V12","V13","V14","V15","V16","V17","V18","V19","V20","V21","V22","V23","V24","V25","V26","V27","V28","V29","V30","V31","V32","V33","V34","V35","V36","V37","V38","V39","V40","V41","V42","V43","V44","V45","V46","V47","V48","V49","V50","V51","V52","V53","V54","V55","V56","V57","V58","V59","V60","V61","V62","V63","V64","V65","V66","V67","V68","V69","V70","V71","V72","V73","V74","V75","V76","V77","V78","V79","V80","V81","V82","V83","V84","V85","V86","V87","V88","V89","V90","V91","V92","V93","V94","V95","V96","V97","V98","V99","V100"
"1",8.2961911136097e-05,-1.10269277901146e-05,-1.3458660493214e-06,-1.95459925697031e-06,6.73048277467768e-06,7.93203048386417e-06,-3.97432526644428e-06,3.12493459997825e-06,2.7452309895414e-06,9.89666012913995e-06,-1.55355374155641e-05,2.2982142021446e-06,5.16581028137135e-06,3.75523608013074e-06,7.73147658662578e-06,-1.32439105541313e-05,1.22247250499655e-06,-1.73920318230582e-06,-1.49731415815751e-06,-1.35931859661972e-06,2.54794219060784e-06,7.02121181315902e-06,1.10773021909868e-06,-4.60097199371474e-06,7.95076909152646e-06,-4.6320326042273e-06,-3.56849439257633e-06,-4.54777013876125e-06,-7.05492099624985e-06,1.75319905234573e-05,-3.23128932302449e-06,-1.8267498667552e-06,1.1761866663325e-06,1.70343781322457e-06,-9.6315080267534e-06,-2.19559480752328e-05,-1.86756586008325e-06,4.95458747147069e-06,-1.58872084117216e-07,3.52202280845783e-06,3.67212666524183e-06,1.1486269927073e-06,-4.67344939979224e-07,-2.39179427544455e-06,-1.98712206883076e-06,-6.69925480882739e-07,4.35343811203619e-06,2.34088257842348e-06,4.9895236635471e-06,1.66317605909613e-06,-7.71390280722483e-06,5.19256343131609e-06,-1.19118408634719e-06,-3.92827624354603e-06,-1.064295799694e-05,-9.5080865130501e-06,-1.00276136169413e-06,2.74641503532067e-07,6.74236720567737e-06,2.09092562129646e-06,1.64766836238249e-05,-2.79883042933577e-06,4.23501667186231e-06,-3.59765212200758e-06,-1.00722713912922e-06,3.43561625652744e-06,-3.81215746168609e-06,-5.66374422428767e-06,-2.17386786852949e-06,-5.92498861742199e-08,6.14191401579524e-06,-3.91990895441589e-06,-1.21280614955064e-06,8.94114326548335e-06,5.20101713186795e-06,9.96710367270148e-07,-1.93752525986946e-06,1.42320414271815e-05,-6.12959129892132e-08,-1.39858764942226e-06,-1.13430290079554e-05,-3.56554269382187e-06,-3.96509534364053e-06,3.45397542826373e-06,-1.71752347768188e-06,-1.23893523476483e-05,7.22145716844583e-06,7.95418014220585e-06,1.73198180583307e-06,9.67461432115599e-09,6.16498893883331e-06,-1.33803726806521e-05,-1.79220703470007e-07,8.53861044076906e-07,-5.47841689516319e-06,-1.85021260797736e-06,4.50860516952799e-06,-3.01378576280894e-06,-6.08742495991806e-06,-1.48362503231321e-05
"2",-1.10269277901146e-05,5.64672068785495e-05,2.08483831588429e-06,9.09329586562951e-06,1.09994748160256e-06,-1.76501906964034e-05,2.5516983167005e-06,-4.16250498647956e-06,-1.72494894935699e-06,-1.61552844818559e-06,1.21163996917535e-05,-7.81191519114433e-07,-3.90451124626777e-06,-3.51567766128454e-07,1.5496919138228e-06,7.2918934469368e-06,-5.08514721056491e-06,5.77773735008918e-06,-2.18835317203476e-06,5.56349716515274e-06,2.12797071041789e-06,-1.80689628897779e-05,-3.40819515321808e-06,8.84952093822647e-07,-8.32019332562952e-07,-3.26881733844518e-06,5.28253863196001e-06,7.30251851926124e-06,9.64832691227284e-06,-1.32570270786366e-05,-1.61831489816262e-07,5.68526076603507e-06,4.97813925278179e-06,-5.29778301997852e-06,-5.14760818970567e-07,4.24348390539332e-06,2.21537036643243e-06,2.74934703435505e-06,-1.9675794725228e-06,-2.10691406550886e-06,-3.12520749774228e-06,1.63184798480671e-06,-5.49085504756351e-07,-1.31152643545558e-06,-1.00160931499721e-06,3.9681640196306e-06,2.12258356089285e-07,-4.94389558783834e-06,3.08149044621917e-06,-3.0537010580968e-06,-6.03559766945569e-09,-4.17114595340948e-06,2.53620172947506e-06,1.63702540044355e-06,-5.03701553166969e-06,-4.3063311927816e-06,1.82853386461763e-06,-2.2469306548999e-06,-7.00229148530528e-06,-1.24146373580411e-06,-9.47755739294364e-06,-4.25428963566239e-07,-9.2856077715768e-06,3.86493230024305e-06,2.28449537069778e-06,-2.02288712603355e-06,1.55000584296832e-06,4.20093812872406e-06,-7.16967220283157e-08,-2.45321256434048e-06,-2.23343530775136e-06,4.42011502651737e-06,1.83624986569185e-07,-5.98906347148089e-07,-4.56178414472883e-06,-7.39586391735211e-06,-5.46165128764577e-06,-9.99133994165242e-06,3.13583887909778e-06,-2.71771390017593e-06,-9.83419647700316e-07,-9.19738073390731e-07,2.26245806909855e-06,-3.64781657515859e-06,8.79052770687492e-06,-8.15807554367842e-06,3.89541228709871e-06,-4.30243402658106e-07,2.58907074772249e-06,6.81323506097538e-06,-1.24703047052397e-06,-6.18926467155151e-06,1.81615080956832e-08,1.59630027677593e-06,9.04072682616021e-06,3.64714898042874e-06,-1.54637788694495e-05,-5.35312477422237e-07,-3.28779231685983e-07,-1.02223166604867e-05
"3",-1.3458660493214e-06,2.08483831588429e-06,0.000165443796533523,8.05515607838089e-06,-1.12649199713851e-05,3.80376954569531e-05,1.66410564666857e-05,1.5482093859745e-05,8.75594896785576e-06,-2.14426715096196e-06,4.06233825479105e-05,5.87957327433335e-06,1.88085760315027e-05,7.0210408754591e-06,3.44874728616659e-05,-5.08795273854999e-06,2.65734310213245e-05,-2.80854597131464e-06,1.0376207847225e-05,-5.27083740734837e-06,1.80643998284696e-05,2.97895120141532e-06,-4.99397070005535e-06,2.66344782606836e-05,9.64918576370176e-06,2.42101883115297e-05,3.13590449255904e-07,1.29421310715724e-05,3.33259120468723e-05,1.33578408906554e-05,1.61140378087608e-05,3.09429386367587e-06,1.5086716386494e-05,1.42145509876392e-05,2.27112174748982e-05,-7.6618548986989e-06,-2.21797135576716e-06,4.95874505875643e-06,-6.9227734053382e-06,-4.94304630424285e-06,8.037541796946e-06,2.75008795494533e-06,-1.62841620554071e-06,1.08139864337823e-05,2.70476383739563e-06,6.22859496004903e-06,-1.15195986892908e-06,1.72454511222594e-05,5.98551300627727e-06,3.44682476757877e-06,1.53281213609085e-05,3.46508489717046e-06,3.44937690670706e-06,1.54087163201302e-06,1.48858889843284e-05,2.38495995916556e-05,4.05298197231153e-06,1.40232722083568e-05,5.14430674288667e-06,1.82238498122031e-05,1.5869346179477e-05,9.07324761348146e-06,7.94921202053391e-06,-8.35047360571851e-06,-3.21872502636079e-06,1.58804754837091e-06,1.27464140360531e-05,2.70398572671082e-05,3.09923802959759e-06,6.72984327862418e-06,-2.13325121344417e-06,-3.4076113726709e-06,1.26273483733857e-05,1.3998704545106e-05,7.3307521396924e-06,-2.91852149612315e-06,5.59966953019755e-06,3.50441003207501e-05,1.01253623578211e-05,9.74556422688543e-06,1.73993941439789e-05,7.47777107514e-07,5.6136796127994e-05,1.30908337164557e-05,-6.83751759804287e-06,3.14758928306628e-05,1.69160539739008e-05,1.33742769843953e-05,1.45184502654341e-05,-4.88577413363143e-06,4.07690493781403e-07,2.06247125638098e-05,2.04354231729401e-05,-4.73036400965233e-06,9.50008208648422e-06,-2.96138338236295e-06,2.39867105879337e-05,6.99548559478076e-06,1.44634609108131e-06,2.93163840734617e-05
"4",-1.95459925697031e-06,9.09329586562951e-06,8.05515607838089e-06,9.98822541141085e-05,-3.52121488964216e-06,-1.78439639590463e-05,2.08961615143434e-06,-1.1479290665209e-05,-3.40426988515096e-06,-7.51903045631411e-07,3.46401023891141e-07,-6.89752927760476e-07,-2.46304821096152e-06,8.73799999805542e-06,-8.85216523360263e-06,5.92464319500677e-06,-1.74240808552362e-07,4.54286116151292e-06,9.89037773682648e-07,4.09118814239126e-06,1.11582501431368e-05,-2.67006578023916e-05,-1.82697587761616e-06,4.39986326584851e-06,-1.62098199986463e-05,-3.75269997840509e-06,7.02383544757776e-06,8.73932797861617e-05,-1.35478893326634e-06,-1.18176968743966e-06,1.80340454029772e-07,6.47443451543675e-06,-3.26187368944034e-07,-3.6286692474048e-06,5.99620482479967e-06,4.90248455202294e-06,2.12880598477726e-08,1.72268040291438e-06,-5.72161427332279e-06,1.11680838694777e-06,2.94350755420313e-08,1.5045079914491e-06,-7.2676240922018e-07,-7.22235005048735e-07,3.75657656696594e-06,-7.93626642219026e-06,4.06550182900573e-06,-1.52121196840021e-05,5.58899243591841e-07,-6.45808981847145e-06,-5.31799836449164e-06,1.07924498349656e-05,1.28427944675104e-06,3.14142711504815e-06,-2.81298199158421e-06,1.35729594140639e-05,3.2218409247626e-06,-2.15855535915714e-06,-5.64498136976939e-06,-2.30127700455047e-06,1.22689396497729e-05,4.11451725321421e-06,-1.51980960694325e-05,6.99504303664799e-06,4.96917409922993e-07,-5.2854799618834e-06,5.97713062236749e-06,2.42085866446426e-06,3.18271326952193e-06,2.81065008812114e-06,-1.4436741096117e-05,2.6493945555834e-07,6.01846586247232e-06,-2.94393753000279e-06,7.54910496950139e-06,1.49763911854848e-06,-2.095210988106e-07,-1.64974755792863e-05,9.34773009979227e-07,-3.36267839395815e-06,-7.00628307023135e-07,3.26940522468316e-06,9.81481957459618e-06,-5.60712638717338e-06,6.56217430485692e-06,-4.32054234583262e-06,5.94887997522005e-07,7.24675880389955e-06,2.15185051530971e-06,2.56267581211105e-05,1.5640700407242e-07,-2.50178595406113e-06,-4.47678892825343e-06,-4.50920849423458e-06,1.36535632828624e-05,7.00896895911039e-06,-1.45410145782723e-06,-3.30235882426869e-06,-3.25681966685379e-06,-3.85274566634981e-06
"5",6.73048277467768e-06,1.09994748160256e-06,-1.12649199713851e-05,-3.52121488964216e-06,0.000131012593595066,-1.55871830723231e-05,-4.06728193459222e-06,-1.15026276005295e-06,-2.86012728006122e-06,8.46492097438596e-06,-9.01578266879368e-06,2.58119835540436e-06,-3.3054596268903e-06,-3.35480824818828e-06,-2.08681251843241e-05,-2.12052203093614e-06,1.06548686139792e-06,-7.25576768763251e-06,-1.80214604408598e-06,-1.98759855544282e-06,-2.92676301788103e-06,-1.47246007639421e-05,-6.78208950178342e-06,-2.97127741827582e-06,-1.61369124811341e-05,3.2044463251836e-06,-1.02688606095946e-06,1.59858860533759e-06,-4.22814370517214e-06,3.10174539045622e-06,4.24885189025102e-06,1.07544712833257e-07,-2.27743750290009e-06,2.37799343697635e-06,1.83326961665859e-06,4.37356343004912e-06,-5.49901062061408e-07,1.01070117595933e-05,1.24877325537357e-05,-1.01945184718466e-07,6.99704876898293e-07,5.83221184564391e-07,-1.77154921304298e-06,7.10981040539708e-07,1.05059768808107e-06,6.32107017172314e-06,3.9891783004307e-06,-1.28541487359501e-06,-3.40530829241707e-06,-4.0813459204024e-06,3.72802088400721e-06,2.21524755593643e-06,5.87470517812573e-07,-3.51057224919584e-06,6.91877286116336e-07,-3.53363485250021e-06,-3.35059126232682e-07,-1.19757297953357e-06,-1.90358309563412e-05,-4.68576376061879e-06,2.65619560501711e-05,8.37181739358756e-07,9.49797389687403e-06,1.30932276448108e-06,-3.98491491701216e-07,5.37968470013889e-06,3.32910512755577e-06,-3.77534081530268e-06,1.1069818228067e-07,5.48646248163775e-06,1.50765764053144e-05,2.11985728206281e-06,-6.57133541563639e-07,5.87193861056801e-06,4.77878186859774e-06,-3.98765398731283e-06,-1.57306360980351e-05,-7.70772244981765e-06,4.69766697588998e-06,5.43350685148383e-06,-8.60978589325946e-06,-2.48310226439881e-06,2.13310760632805e-06,1.9097900733702e-06,3.70688628531035e-06,-3.8134280496257e-06,-2.86501879380347e-06,1.00968500631832e-05,3.03831366574593e-06,2.14149484896304e-06,9.21402625723496e-07,-1.077044236998e-06,-1.63078302725708e-06,-6.55170700103832e-07,-1.86132508097148e-05,2.51457602325989e-06,-2.54645773594078e-06,-5.11378142257126e-07,-6.62452511588232e-07,4.22505320896037e-06
"6",7.93203048386417e-06,-1.76501906964034e-05,3.80376954569531e-05,-1.78439639590463e-05,-1.55871830723231e-05,0.000987345631408946,4.07730579086196e-06,7.22266265913109e-05,-1.57278762926189e-05,7.06811339867978e-05,4.66950889592432e-05,-2.47371162147398e-06,3.1784989217047e-05,-5.68351696390431e-06,0.000181553212390732,-9.56812512992797e-06,4.30712074501203e-05,-6.81117668986736e-06,2.14645390446386e-05,-1.49958446005584e-05,-6.31883004813911e-06,4.86099657940693e-05,-4.11934906377665e-06,6.24353852540575e-06,5.03583542693715e-05,5.31509866050252e-05,-9.13506976627021e-06,-1.76722226242346e-05,2.10480181817238e-05,4.96872892315305e-05,8.14693074642503e-06,-2.38781711246136e-06,4.00128026831873e-05,2.05753423322695e-05,-4.36579949269384e-06,-1.61888787563328e-05,-7.52430579228407e-06,-1.56459913313748e-05,9.19112434089994e-06,-6.96582298305749e-06,9.40913633622168e-06,-1.10658308401964e-06,-6.30096369145366e-06,4.65590072123035e-05,-6.47977072010151e-06,-1.63130761116165e-05,3.62334584033676e-05,0.000149459089008834,1.88148303122494e-05,2.80155263197834e-05,2.33345660643513e-05,2.4917870405571e-05,1.65303960692173e-05,-1.66080016329776e-05,2.14927655594217e-05,1.62713245366879e-05,-1.05840417938515e-05,6.85235368137592e-06,8.35571970509488e-06,2.01767594966506e-05,5.24312120876747e-05,1.7728440422092e-06,3.27264876235229e-05,-5.57662767581586e-06,-9.23040293408773e-06,3.17580235964405e-05,4.98130687164626e-05,3.91720915151435e-06,6.78950628148801e-06,-9.44775048666475e-06,1.0931585058119e-05,-8.29342248421976e-06,1.20172466621674e-05,2.880363700187e-05,1.39087668961609e-05,2.5485876470526e-06,6.03190097304751e-06,0.000195164716659324,1.53967391219597e-05,4.88790690870073e-05,2.19010504747597e-05,-9.15721747513697e-06,3.3805482921829e-05,3.41093212750804e-05,-6.79361092264376e-06,7.8680677711889e-05,4.70689602546003e-05,-2.80047391172771e-05,1.85176307266817e-06,-6.32011007952399e-06,2.06461723805884e-05,4.9717004639728e-05,1.48143248928916e-05,2.11622283824469e-05,1.83508506751332e-05,-1.21246014367651e-05,6.26450197003942e-05,1.94298443850899e-05,9.97347567144058e-06,4.38155848256599e-05
"7",-3.97432526644428e-06,2.5516983167005e-06,1.66410564666857e-05,2.08961615143433e-06,-4.06728193459222e-06,4.07730579086196e-06,6.67246979942003e-05,-5.7282398925111e-08,-2.49361843333262e-06,-1.17791978219526e-05,3.44336385356216e-05,1.28583179894737e-06,-2.45242438488606e-06,4.90495895903594e-06,2.71550125626461e-06,-7.43790452473576e-08,-2.03426295731879e-07,5.33249030848397e-06,5.24908906332642e-06,-1.65066275183139e-07,3.89352659993852e-06,-2.16687923522118e-06,1.27553935982168e-07,7.4369895953439e-06,-7.86689543407604e-06,5.07782916791177e-06,-1.92318420791038e-06,2.9839186767637e-06,3.5556866141482e-05,7.62025222215271e-06,2.64009668657945e-06,7.13888397861337e-07,1.76114014869076e-06,7.1493556523211e-08,7.27047648531053e-06,-8.46757265258288e-07,1.42688651780054e-07,6.44772861655927e-06,-3.08807773350176e-06,-4.92854613208877e-06,2.38796965904594e-07,2.92818931016879e-07,2.04607197622911e-07,1.44644967925585e-06,3.85368453159738e-06,-1.0084235966688e-06,1.72011728943206e-06,4.18959677258723e-07,9.11485805115849e-07,1.41678263878997e-06,5.24672283716795e-07,-9.12173462448239e-07,-2.94818875684922e-07,1.13402643372614e-06,4.42002307217028e-06,3.83560800787475e-06,1.7370308752565e-06,3.84131347578041e-06,3.94510045832444e-07,2.82182822984422e-05,7.63947210706806e-06,6.71401306550333e-06,5.1419183562083e-06,-1.66304686584557e-06,-1.67395607284295e-07,-2.34035878528997e-06,-6.09467364594704e-06,4.53899006580275e-06,-6.51097844418695e-06,2.26118260245344e-06,-2.54189294159514e-06,1.87782918193092e-06,3.41750217905391e-06,2.93827846236395e-06,3.41594037192159e-06,-1.5317805894464e-06,4.60024965775803e-08,7.02498615181446e-06,9.26969176768028e-07,2.96460113332757e-06,5.13209095061617e-06,-4.97513986817468e-07,6.9544324369139e-06,-3.47738234445684e-06,-1.44741819747432e-06,3.94746497607595e-06,3.38106753760471e-06,7.35108877373081e-06,2.53305260921668e-06,-3.24756923615861e-06,-2.15692626682581e-06,-4.51168345262326e-07,7.66833458157831e-06,-4.07003615974102e-06,1.02291952239227e-05,-3.72176811429636e-06,5.4599206392702e-06,-2.03615697475113e-06,7.99330993401254e-07,3.2966681276257e-06
"8",3.12493459997825e-06,-4.16250498647957e-06,1.5482093859745e-05,-1.14792906652091e-05,-1.15026276005295e-06,7.22266265913109e-05,-5.7282398925111e-08,0.000153992931649726,-2.37011494268382e-06,4.91759777350479e-06,1.79743043447276e-06,-4.80192997920574e-06,1.32899693802125e-05,-1.26015354863346e-05,4.1903542125054e-05,-6.31751120600931e-06,2.62998055293922e-05,-8.00479587180281e-07,4.83752869951346e-06,-3.95107201960757e-06,1.22133819471584e-06,6.18054507412254e-06,-5.04048259524792e-06,3.93106521404229e-06,2.01739681862521e-05,7.27554645358008e-06,-4.27241384852531e-06,-1.31991817023247e-05,2.90643703450917e-06,5.50480828978211e-06,7.46241386997277e-06,-7.10681649726378e-06,2.16454294087049e-05,2.07301428078567e-06,8.28462304966501e-06,-1.01703157835747e-05,-9.95339191082962e-08,-2.09878871534543e-06,1.44933448744177e-06,2.43013880721926e-06,-6.55689921105504e-07,2.5792172181381e-07,1.19305666825244e-06,5.00450147467222e-07,6.82821491725657e-06,-2.67557730525588e-06,3.94936041992577e-06,1.55248856144195e-05,1.29304646552149e-06,-7.40989413230716e-07,1.1977293432522e-05,5.18264570661929e-06,2.03750285612923e-06,-7.48358492848303e-06,7.52874350532597e-06,3.69452734738845e-06,-2.87109937497859e-06,-4.47224367168227e-07,2.70482384457531e-06,2.1724666385665e-06,2.88076633581563e-05,1.12462242361049e-05,3.74099152418561e-05,-1.1042799821467e-05,1.65485374827034e-06,7.7927447446691e-05,6.07174220916294e-06,4.12958522048115e-06,-3.27314062190674e-06,-1.22901239685117e-06,3.78576415613923e-05,-2.44896053344645e-06,-2.85724540004487e-06,2.76534395851374e-05,6.82357321240707e-06,2.90702895825257e-06,-2.73281135542484e-06,1.77893448745734e-05,4.2918004093369e-05,9.48913985073443e-06,5.14206522134664e-06,-1.74085923752893e-06,1.74774269576354e-05,0.000103999766151002,-4.15861184015473e-06,2.3525940339256e-05,4.42344790074768e-05,5.50918974182661e-06,5.83006827973371e-06,-3.38107257325878e-07,7.70393641315032e-06,2.03594224534909e-05,-1.06410973383218e-06,-6.37043544440843e-07,6.60858067297142e-06,-8.45608688989296e-07,1.02274275019382e-05,3.42972496260172e-06,4.65512894605861e-06,1.27847602305885e-05
"9",2.7452309895414e-06,-1.72494894935699e-06,8.75594896785576e-06,-3.40426988515096e-06,-2.86012728006122e-06,-1.57278762926189e-05,-2.49361843333262e-06,-2.37011494268382e-06,0.0001423753121339,-1.7411116485443e-06,-1.1756667281118e-05,5.49430434612847e-06,8.66970163572375e-06,9.59607360033087e-06,3.23404110619734e-06,5.13641906154268e-06,-3.91311821478299e-06,-9.10467649954173e-07,5.45898170364953e-06,-5.59510843745008e-06,-8.18175794320006e-07,3.76959855957587e-05,2.14128725458438e-06,-7.82198006486077e-07,-2.13556786350486e-06,2.3829266703288e-07,-2.87350770361477e-07,-7.44186099349518e-06,-9.83804221899387e-06,-5.0951356299226e-06,1.09386763917758e-07,2.23122097192773e-06,-1.01817965005594e-05,5.61493154001894e-06,7.27467982343914e-06,-1.851044817646e-06,2.95545442442505e-06,-9.68027567729703e-06,1.56079328333223e-05,-7.31688258076424e-06,1.47813357337596e-05,8.09148479031974e-07,1.7356460362192e-06,-3.35458280867591e-07,3.03162609528749e-06,4.30735894734438e-06,-9.32094849637549e-06,7.94308110170514e-06,1.56197493990755e-08,1.74456730808161e-06,-8.26759432860692e-06,3.63043975103152e-07,4.79172207887616e-06,2.1667902644531e-07,4.23822180081948e-07,4.45612907921811e-07,4.0088971229246e-07,-2.99172719215124e-07,-9.15075091860408e-06,-9.32427921866371e-07,-1.26548653023277e-05,-1.48287605490995e-06,-8.91162884079546e-06,-6.48422319362294e-07,1.47333336080433e-06,-1.66384986341624e-06,-7.89393003541683e-06,6.22960107613704e-06,7.14319994461613e-06,9.48504160393651e-07,-1.63164533103506e-08,4.84139616616724e-07,-6.87420540933508e-06,-5.63499402672731e-06,5.94915044158986e-06,-7.45089558542197e-06,1.1322975499315e-06,1.03502498952725e-05,-1.60885553693635e-06,5.65421544717458e-06,1.15633264825863e-06,5.54270539557104e-06,1.23212660310929e-06,-2.68718101197745e-06,-2.85005939051138e-06,-2.19201746084032e-06,5.71097922862894e-06,-6.69990915771567e-06,6.61747476556674e-06,-6.69980626694973e-06,-5.39907643418899e-06,2.23496995122694e-06,8.06480519522174e-06,-2.67397731702796e-06,4.64265256998289e-06,-4.06252617606128e-06,5.98954157018487e-06,-2.71967463230664e-07,3.54347991305576e-06,-6.68716330019732e-07
"10",9.89666012913995e-06,-1.61552844818559e-06,-2.14426715096196e-06,-7.51903045631411e-07,8.46492097438596e-06,7.06811339867978e-05,-1.17791978219526e-05,4.91759777350479e-06,-1.7411116485443e-06,0.000261643470407108,2.3727782110583e-06,2.51265022010692e-06,-6.19864535796559e-06,-3.09103844693723e-06,4.07774471271325e-05,-9.73134630698702e-07,-7.19013212536037e-07,-1.67876324233372e-06,1.29669942730711e-05,-1.37416462530617e-06,-1.31730680132455e-06,-4.83787128872597e-06,5.14166109683462e-07,-8.03477762998333e-07,4.07114341076259e-06,4.29386860761835e-06,-9.11960756747577e-07,2.77930093909411e-06,-7.49903090926137e-06,1.12383930934895e-05,4.03917144074398e-06,-9.03143332749952e-07,-8.74338910908694e-06,1.29668760552309e-05,-3.50866540894107e-06,-7.42311242100875e-07,2.49487908649614e-06,-4.54497479565192e-06,-1.53805522471964e-05,-4.00717676725975e-06,5.50373190743927e-06,2.20147332484176e-06,-3.0351929166563e-06,-9.64193086800113e-06,-3.84282511505805e-06,3.84725220969473e-06,4.34221010811258e-06,5.08530760466362e-05,8.57285187979519e-06,3.63680128866917e-06,7.40086461798615e-06,-2.58731147074735e-06,5.23453628627217e-06,-5.48378890632966e-06,2.97915972516659e-06,-1.25451293302402e-05,-1.40070907264537e-06,3.66681743056969e-06,-3.05722943502303e-06,-5.32711944391063e-06,-4.50218698178719e-06,1.27343860449132e-06,3.22871348545265e-06,7.46405202994908e-06,-3.1707480020978e-06,3.51390589710184e-06,-7.17076559261064e-06,-5.42776377810114e-06,1.22548513213002e-05,2.07341746046222e-06,9.7884746145595e-06,2.08777939068862e-06,-3.2249756677558e-06,1.97492573026262e-07,-6.02693418806815e-06,1.21381741083525e-05,-3.39276449434836e-06,3.00445548226509e-05,1.34709538846955e-05,5.95724525582391e-06,1.7879383599416e-06,6.76098570677703e-06,2.71048073402366e-06,4.33901067935424e-06,4.9464754547083e-06,1.16275712471123e-06,-1.94487847323885e-06,-2.58588815840081e-05,-9.79552335386151e-06,3.85683175554603e-06,5.67663739930524e-06,-2.83309073708501e-06,-9.67967841835865e-06,6.41315560785053e-06,-1.58756920275038e-05,-1.681004822223e-06,-1.42832662303573e-06,1.9591929293844e-05,4.16045388577018e-06,-1.2186018257244e-05
"11",-1.55355374155641e-05,1.21163996917535e-05,4.06233825479105e-05,3.46401023891141e-07,-9.01578266879368e-06,4.66950889592432e-05,3.44336385356216e-05,1.79743043447276e-06,-1.1756667281118e-05,2.3727782110583e-06,0.00108556524896208,1.70644541488369e-05,1.02554810767634e-05,3.14456299010552e-05,-2.66780263237652e-05,1.92609834854911e-06,2.83748428453585e-05,1.64581737790042e-05,1.12921033940553e-06,-1.25468761249787e-05,1.4286033213805e-05,2.92753234191404e-05,-1.11867442438344e-05,2.06083939584431e-05,1.79706494330372e-05,4.40626315482416e-05,8.65393817705218e-07,5.34748998835653e-06,0.000432794411175425,5.30479082927848e-05,1.23872206762303e-05,5.4868037911726e-06,2.20924193602259e-05,-2.81550065806148e-06,2.2217232796914e-05,1.07454026307649e-06,3.68622015857829e-06,4.10750800117111e-05,1.79289683129604e-06,-6.95635982083883e-06,2.25563618459189e-05,-1.80255375710817e-06,-1.19141672099415e-05,1.2531482155413e-05,1.152821409987e-05,1.53817547063554e-05,2.07845759417827e-05,-5.92515315910821e-06,-9.86148354208986e-06,4.07802931531679e-06,-2.45385297638648e-06,-5.86605484757707e-06,-1.71727691726058e-06,-1.74132817603617e-06,2.33239956178306e-05,2.25345133911787e-05,1.91330123348685e-06,3.75961251823644e-05,2.78837769631128e-05,2.20498032823185e-05,7.41760647518769e-05,-6.87514284634224e-06,7.97109013131098e-06,-9.88265879214381e-06,-3.84223598907484e-07,-6.62049768070882e-06,2.16032172630471e-05,1.7300352744903e-05,5.64344797657727e-06,1.92086062958364e-05,4.77972516347496e-06,-1.08954421363159e-05,2.0748559184894e-06,-8.70206759117977e-06,-9.26584404618209e-06,7.66575880336266e-06,-7.01891505113989e-06,-1.93171788480335e-06,4.92996655212057e-06,1.06118282697047e-05,3.59091265830636e-05,-1.65993517422211e-05,1.38713625226503e-05,5.69151116727662e-06,-2.81826449436496e-05,3.59782743739193e-05,1.54944811969762e-05,-7.49884576214383e-06,1.38870862382025e-06,-6.87078874506407e-06,2.85727102882085e-05,2.86095279871555e-06,1.73168181750741e-05,9.62892725231957e-06,2.09320551656936e-05,-1.62920918751664e-05,5.55592705753722e-05,-2.43456567436954e-05,-3.34630715194166e-06,1.22822411001142e-05
"12",2.2982142021446e-06,-7.81191519114433e-07,5.87957327433335e-06,-6.89752927760476e-07,2.58119835540436e-06,-2.47371162147398e-06,1.28583179894737e-06,-4.80192997920574e-06,5.49430434612847e-06,2.51265022010692e-06,1.70644541488369e-05,7.02830870878798e-05,2.07127884409542e-05,1.0259282589994e-05,5.43959115238568e-06,-5.42014707810938e-07,8.82222435774713e-06,-8.0284695254415e-07,-2.23703222057589e-06,-5.871287304977e-06,2.1734992320949e-06,1.52929377699461e-06,2.42473283427486e-06,7.93647381151869e-06,-9.28533753072452e-06,9.45613870148246e-06,1.90880723930261e-06,-1.35290206409083e-06,1.3326087590006e-05,8.2507994136457e-06,7.00394305283046e-06,4.7168716438512e-06,1.16090824663197e-05,1.57244384117906e-06,3.20969380206782e-06,-2.91674748582215e-06,-3.74124504512541e-07,-4.92787993317555e-06,-1.4540676897547e-06,1.20400598488307e-06,2.29341180052311e-05,5.86102046627481e-07,2.74387030891906e-06,4.31031518570511e-06,4.27210225156855e-06,1.10320914798164e-05,3.12979560708849e-06,1.28546836831836e-05,8.75980516294361e-06,3.94873464198614e-06,4.30507597071177e-06,4.22863620230241e-06,6.72944199908873e-06,3.39419788940771e-06,4.11037351049873e-06,-2.93053404756795e-06,6.84773018529425e-07,4.11245571832217e-06,-1.39715202118279e-06,3.47673248817389e-06,2.18318047585948e-06,-2.55273267520182e-06,7.25947226271749e-08,-2.08525416683829e-06,4.73502885796609e-07,-1.84056212655809e-06,-7.64171075259944e-07,3.91319300367478e-06,-1.01808488521153e-06,2.93173076592565e-06,-2.0395224907113e-06,3.06117383932609e-07,-2.09921028049128e-06,8.952649476632e-06,-1.36310554398183e-06,-6.57026907914273e-06,5.27155099359849e-06,3.32522280243335e-06,-1.65514447252315e-06,5.95889253609824e-06,3.04884103419165e-06,2.51231479634849e-06,8.73809426489872e-06,-2.05527123698866e-06,1.41256205444683e-06,1.90175538497959e-05,-1.65994784895736e-06,5.72278212610394e-06,1.43984674730328e-05,-2.59784161594247e-06,4.45263045094931e-06,1.02538724446254e-05,9.91114058289687e-06,-1.89709954511176e-06,3.44452562649371e-06,-5.59112077953524e-07,1.88655720392343e-05,4.55963613601655e-06,-1.54421930776685e-06,5.75933733347531e-06
"13",5.16581028137135e-06,-3.90451124626777e-06,1.88085760315027e-05,-2.46304821096152e-06,-3.3054596268903e-06,3.1784989217047e-05,-2.45242438488606e-06,1.32899693802125e-05,8.66970163572375e-06,-6.19864535796559e-06,1.02554810767634e-05,2.07127884409542e-05,0.000164307501256827,6.73296327166321e-06,2.39564364647491e-05,-1.77807012641951e-06,1.53802965927386e-05,-5.25516639875439e-06,-2.52057726452595e-07,-1.18888858413788e-05,1.07999909206194e-05,4.40129670631829e-06,-3.4573084946213e-06,2.35287761292773e-06,-1.13408145168547e-06,4.60547068807576e-06,8.51126016574381e-06,-8.38012326790047e-07,1.2928805614408e-05,-5.34689079697794e-06,5.62734787451501e-06,4.94734035978281e-06,2.33226107132972e-05,-2.75128422605911e-06,7.46553465637306e-08,-8.77321436827092e-06,5.12154287082642e-08,-7.97666395682703e-06,7.4510634174861e-06,-2.24828566551425e-06,1.75752854611997e-05,3.17430415833931e-06,6.11098700444395e-07,9.88540564711499e-06,-2.55293559302032e-06,2.05067264564813e-06,-3.21320280180874e-07,1.70546736423051e-05,9.41953625415726e-06,2.32906367197985e-06,6.42670846233913e-06,5.80567424394987e-06,1.95274119937516e-05,2.78799044205425e-06,6.39259452117557e-06,-3.5482166835992e-06,8.83273509633966e-07,-5.42928702323491e-07,-7.68085839804373e-06,2.65602998324798e-06,1.71258066675028e-05,1.5509604752183e-05,2.05238592884875e-06,-4.22251592421347e-06,2.34798789797186e-06,1.39467758172369e-05,4.43622345377613e-06,2.12708618936707e-06,-6.32245945331692e-06,6.98194622150635e-06,2.27234825803462e-06,-5.93067572172078e-06,-1.52890225116917e-05,1.95296999928511e-05,1.3365839103931e-05,-4.45398553960816e-06,3.22864562598435e-06,1.55086615360677e-05,3.26076457127635e-06,9.24430407216721e-06,7.33583514878804e-06,-2.69718133844589e-06,8.95528476540878e-06,1.46410967138376e-05,6.74070189377789e-06,9.95894586545425e-06,1.74670654560301e-05,1.1396581040595e-05,2.64888571367765e-05,-1.78113265847868e-05,5.90606150440052e-06,-1.70979863126112e-06,8.58148558321326e-06,-2.05029629018673e-06,1.70289107985985e-05,-3.67345091625174e-06,2.52482004280286e-05,2.10001757858803e-06,2.14645117878778e-06,1.88320386996512e-05
"14",3.75523608013074e-06,-3.51567766128454e-07,7.0210408754591e-06,8.73799999805542e-06,-3.35480824818828e-06,-5.68351696390431e-06,4.90495895903594e-06,-1.26015354863346e-05,9.59607360033087e-06,-3.09103844693723e-06,3.14456299010552e-05,1.0259282589994e-05,6.73296327166321e-06,0.000161000204977359,1.55322910933733e-05,-1.79329816176866e-07,2.80160983312032e-06,3.15896472177793e-06,-2.44462968750256e-07,-2.30744380555677e-06,4.45792660023996e-06,-1.43040055944495e-05,5.5733376377793e-08,6.84323666666909e-06,8.49483215966527e-06,2.16173389777941e-05,-1.16702978500955e-06,8.36786553173793e-06,1.1516836560138e-05,1.30060195588111e-05,1.71525345785003e-05,1.54598263815795e-06,2.34182434611738e-05,-6.73624640318978e-06,8.76447725954395e-06,5.90761755024475e-06,5.18799406742643e-07,9.88313869345572e-06,6.59624054147711e-06,9.86741000867654e-07,9.82534318628075e-06,-3.68073087577727e-07,-1.79244280511569e-06,2.48930828182668e-06,4.37172422141736e-06,3.64175574693714e-06,5.54807817278028e-07,-2.34448153736782e-06,9.15797764591347e-06,-6.58427066281581e-07,3.98396686264416e-06,4.82002497087638e-06,6.37410475353779e-06,-5.2543955469377e-07,1.0517217099938e-05,6.94235478539328e-07,2.86305616424156e-07,5.03600388451943e-06,-3.71656205562073e-06,8.91660737684367e-07,1.26528303089276e-05,3.26950703980001e-06,6.47992078739982e-06,-7.03808276733379e-07,-2.35493630993005e-06,-5.2069452936013e-06,5.23249123357439e-06,6.7616061494987e-06,5.46286036952293e-06,3.51431914878611e-06,5.22058438925336e-06,-1.55137260436664e-06,-1.86322463479663e-06,1.30396012743397e-05,1.10747161254422e-05,2.39767066173623e-06,-1.30123721240873e-07,-2.27717211785958e-06,3.62444768107257e-06,-2.57200011137583e-06,7.09950798497483e-06,4.0351588809002e-06,8.83793016395161e-06,1.49341677746951e-06,1.35379250901006e-06,1.00100371966647e-05,5.43565435603452e-06,6.72378525896881e-06,2.68523422525153e-06,-2.1688238537556e-06,1.85507396321681e-06,2.48536324079608e-06,-1.66021931025101e-06,-7.27696919402207e-06,1.15656738826164e-05,-2.41176223279325e-07,3.13041770730936e-06,9.3178183325127e-06,-1.80616835701491e-06,1.40304642474779e-05
"15",7.73147658662578e-06,1.5496919138228e-06,3.44874728616659e-05,-8.85216523360263e-06,-2.08681251843241e-05,0.000181553212390732,2.71550125626461e-06,4.1903542125054e-05,3.23404110619734e-06,4.07774471271325e-05,-2.66780263237652e-05,5.43959115238568e-06,2.39564364647491e-05,1.55322910933733e-05,0.0013169513711196,9.80359469202962e-06,5.59445331428612e-05,-6.90218246378752e-07,1.51627181808795e-06,4.33989588315024e-06,1.86808063164642e-05,-3.01610918308153e-05,1.31109669985829e-05,-8.85266982459538e-06,2.94439765079725e-05,2.95903806322018e-05,-1.29170068006999e-05,-1.7454516030014e-05,-4.52926680899142e-06,1.84191926528679e-06,1.49299965725633e-05,4.47560002376008e-06,4.03005865892664e-06,1.54386772794018e-05,-9.56849512556634e-06,-8.24005745906636e-06,6.49461634341986e-06,-2.40135077099072e-05,2.72490519747666e-05,-1.67899684530753e-05,-4.27969405589135e-06,-7.13032942422625e-07,-1.25402974823302e-06,1.44345116930814e-05,-8.95384687298394e-06,9.79706518899287e-06,1.18112369702259e-05,0.000149043314869205,9.58725266652216e-05,4.043305465126e-05,4.08126265452766e-05,4.16157254156451e-05,2.86780603018168e-05,1.98270468216169e-06,8.20724694438448e-06,-9.27291071301438e-06,-2.62641387520469e-06,-2.25961884856682e-06,-4.08525170522759e-06,1.02172027595822e-05,5.40607131440921e-05,1.59303869294846e-05,2.53411953734788e-05,-1.30665358633356e-06,1.9935256102654e-06,1.69860835575763e-05,5.52110057343238e-06,9.86320790898741e-06,2.91345990730622e-06,-1.42106472181192e-05,1.58902571101041e-06,2.73278425254599e-06,1.25479884867794e-06,2.84610289496621e-05,-7.30704636015071e-06,7.35339648638337e-06,1.26544422093019e-06,0.000166105103017156,6.67834919125977e-06,1.67021239680771e-05,1.97941070181832e-05,-9.05203181680957e-06,2.29524829609544e-05,1.71031547060567e-05,-1.09260612932741e-05,4.64856896826547e-05,4.28061575810078e-05,3.03633779350275e-06,1.35380953226282e-05,7.57740007710947e-06,1.75675258059872e-06,5.34860003258811e-05,-7.98228171281528e-06,-1.01363180323832e-06,2.49460844597009e-05,-7.24894901592951e-06,1.43409476344283e-05,8.991252418244e-05,7.28084194005097e-06,2.39826859856094e-05
"16",-1.32439105541313e-05,7.2918934469368e-06,-5.08795273854999e-06,5.92464319500677e-06,-2.12052203093614e-06,-9.56812512992797e-06,-7.43790452473576e-08,-6.31751120600931e-06,5.13641906154268e-06,-9.73134630698702e-07,1.92609834854911e-06,-5.42014707810938e-07,-1.77807012641951e-06,-1.79329816176866e-07,9.80359469202962e-06,7.9975446015088e-05,2.71856564454669e-06,3.69228787118988e-06,-5.25128292064842e-06,4.17271851182117e-06,-2.43322974898786e-06,-1.50784540715149e-05,-5.47101393372993e-07,-8.76772755032469e-07,-1.29748526642633e-05,-3.95611044935322e-06,3.30931202971243e-06,5.4410538148521e-06,2.70002653058853e-06,-9.60598341667603e-06,-2.19872007095804e-06,-1.19923006557539e-06,-7.39839706273041e-06,1.15785918943692e-05,2.69142299761101e-07,2.24057416173008e-05,1.75566791469978e-06,-5.24894913124245e-06,-2.61705641698855e-06,1.43953454306608e-06,-3.98453015700205e-06,1.34524385082406e-06,-1.02003290332457e-06,-1.30320182314554e-05,2.83112035616687e-06,4.10851624005389e-06,1.29842517653185e-06,-3.47444748598372e-06,3.67977881306696e-06,9.44665048789558e-07,8.75161779212911e-07,-4.71710409322929e-07,1.487913840764e-07,6.25356389643703e-07,-8.11443695237929e-06,-1.40305991234359e-06,1.76873744319057e-06,2.55429498536365e-07,-2.47069326721467e-06,-3.53412219126888e-06,-9.78913589874803e-06,-1.43772453476616e-06,-4.21367547529649e-06,6.01163337094737e-06,2.08955652150977e-06,-6.67032385245642e-06,1.13576379189435e-06,9.5801088038344e-07,4.03738657811209e-06,3.68535456912123e-06,-6.1983431705409e-06,3.17582223476137e-06,-8.21359834515471e-07,-9.3489739929288e-06,-7.7361496914297e-07,-2.83839008188592e-06,2.01433398568734e-06,-9.21522616627944e-06,7.46100119481204e-07,2.54126424879781e-07,2.1442778352155e-06,2.99271406010434e-06,-4.18536192532546e-06,-5.83094703168947e-06,8.64387023339176e-06,5.89641978687707e-06,-9.47459941531277e-06,-5.9747646753948e-06,-3.2664171675144e-07,2.43486416514265e-06,-3.89733359889433e-06,-4.16539694296666e-07,-2.49584588101377e-06,5.31444839846645e-06,-6.12128661323355e-06,3.63014342206297e-06,-6.62440246230076e-06,3.91276259634906e-06,-8.65778351622978e-07,-3.919066843167e-06
"17",1.22247250499655e-06,-5.08514721056491e-06,2.65734310213245e-05,-1.74240808552362e-07,1.06548686139792e-06,4.30712074501203e-05,-2.03426295731879e-07,2.62998055293922e-05,-3.91311821478299e-06,-7.19013212536037e-07,2.83748428453585e-05,8.82222435774713e-06,1.53802965927386e-05,2.80160983312032e-06,5.59445331428612e-05,2.71856564454669e-06,0.000291184114698321,-1.0157173400528e-05,8.18531449100734e-06,6.07750099468628e-06,8.26913354427493e-06,-1.57312188960301e-06,5.07184055382164e-06,1.06091520070732e-05,6.47580886819038e-06,2.18573433708452e-05,-4.82541763374145e-06,9.92730382017633e-06,-6.82676753504843e-06,9.67216912196207e-06,6.55906975868282e-07,-1.22247111116068e-05,2.67490915832363e-05,5.65433215916852e-06,1.2530103636776e-05,-1.06300455048461e-05,5.68103427097132e-07,2.78490797393259e-06,8.6357133742113e-06,1.20936873679476e-05,2.52952284325737e-06,-2.89614324772808e-06,2.73721109329866e-06,2.58370633729258e-05,8.21939737832356e-06,-6.82133438041131e-06,1.40561326577106e-07,2.91887224587474e-05,4.32282543962767e-07,1.0799153527637e-05,2.68365400044929e-05,1.49836843875668e-05,1.64291721903769e-05,-4.95725159434885e-06,9.3279831295602e-06,1.98780193505022e-05,1.31534926002887e-07,3.60586509464375e-07,1.84656589470416e-05,5.53534896843307e-07,2.80424141607278e-05,-1.21350386446986e-05,1.37722580111685e-05,-6.79690012482894e-06,-2.42965999282164e-06,2.08562529503601e-05,2.16944763143529e-05,-2.17428290687046e-06,1.75296798892602e-06,2.27427903426905e-06,1.97176127998926e-05,-1.8221575079458e-06,1.15290776921618e-05,2.18964880533916e-05,1.92603279420346e-05,6.55156731555222e-06,1.57873888839901e-06,3.84416337663071e-05,9.61991721478005e-06,1.73485181553011e-05,2.13236033307424e-05,-4.16183859996232e-06,2.98212391339005e-05,3.28813600896214e-05,-1.56010388621083e-06,3.35612944166177e-05,1.98066321849619e-05,-1.34220445363287e-06,1.8150168266711e-05,-4.21648501749614e-06,2.36290277529821e-06,1.82000564382749e-05,5.71445270002861e-07,-6.50290617688213e-06,-1.45947822477053e-05,-4.71619343499433e-06,3.67007865222016e-05,1.43840104219607e-06,1.02130471742839e-05,3.34614420605681e-05
"18",-1.73920318230582e-06,5.77773735008919e-06,-2.80854597131464e-06,4.54286116151292e-06,-7.25576768763251e-06,-6.81117668986736e-06,5.33249030848397e-06,-8.00479587180281e-07,-9.10467649954173e-07,-1.67876324233372e-06,1.64581737790042e-05,-8.0284695254415e-07,-5.25516639875439e-06,3.15896472177793e-06,-6.90218246378752e-07,3.69228787118988e-06,-1.0157173400528e-05,8.51645429256097e-05,3.89427982332855e-07,5.23125577214609e-06,1.90090616452265e-06,2.2180044560949e-05,3.76515889343945e-06,-4.30188321041406e-06,-6.77296978798964e-06,-1.32580221156057e-05,4.28079665515713e-06,4.64844055011454e-06,1.40717360189095e-05,-2.26134274723909e-06,-6.86396799502501e-06,-3.85146997981995e-07,-5.9163804372691e-06,6.89520743724735e-06,-2.67071932436819e-06,4.48819011054024e-06,1.718576163437e-06,-9.62739752201867e-08,1.9397279643459e-07,3.32354151464115e-06,-6.46907384405654e-06,3.22509508986307e-06,9.06791264227823e-07,-3.6227593403061e-06,-1.35747960960077e-06,1.42800840122242e-06,2.95107514063493e-07,-9.26473708724981e-06,3.37341062533461e-06,-8.25376865187872e-06,-5.79329824184909e-06,-5.1325093562874e-06,-2.29127151925793e-06,-2.80452547986624e-06,-3.82883085636571e-06,-6.11323615813813e-06,-9.61916275829077e-07,-2.42207189578712e-06,-1.10208539462031e-06,2.81049095092169e-06,-2.4900651221279e-05,6.92705518948499e-07,-3.37377667038778e-07,4.92825727808498e-06,3.87982227922904e-06,-1.09327387103898e-06,-2.32586057041691e-06,3.78786187062097e-06,-9.67216792995783e-07,-5.218887922429e-07,4.28098780778979e-06,1.08304444189778e-06,-1.53401848550452e-06,-1.42978365578472e-05,-5.88058431246653e-06,-4.85196652994803e-06,2.87378385740196e-06,-8.38137755666174e-06,-6.1477581404733e-06,-3.62014388243711e-07,-4.41690563651974e-06,9.10693141404828e-08,-8.52546106451784e-06,-7.00102066096304e-06,8.48758765863407e-06,-1.44214859679731e-05,-5.3050676558864e-06,-6.42200310007933e-06,-1.37394322559613e-07,8.81640412875222e-06,2.57300279577118e-06,2.50139544284261e-07,-1.13628689313768e-06,1.0993487412832e-06,-1.13303051069542e-06,7.21120174646197e-06,-8.91677646942582e-06,-1.07968970894728e-06,9.742900324808e-07,-1.05566694322814e-05
